# Synthetic cooling curve (TempCooperative + noise)
T_K	aggregated
283.15	1.01325
283.65	1.01257
284.15	0.99807
284.65	1.00345
285.15	1.00359
285.65	1.01494
286.15	1.02751
286.65	1.00951
287.15	1.00001
287.65	1.00661
288.15	1.01575
288.65	1.01078
289.15	1.01102
289.65	1.00809
290.15	0.99842
290.65	1.00724
291.15	1.00314
291.65	0.99084
292.15	1.01830
292.65	0.99347
293.15	1.00628
293.65	1.02998
294.15	1.01319
294.65	1.00216
295.15	1.00566
295.65	1.00895
296.15	1.02339
296.65	1.00644
297.15	1.00987
297.65	0.97915
298.15	0.98912
298.65	0.99142
299.15	1.00013
299.65	0.99346
300.15	1.00261
300.65	0.99810
301.15	1.02080
301.65	0.99190
302.15	0.97518
302.65	0.99843
303.15	0.99413
303.65	0.98714
304.15	0.98166
304.65	1.02492
305.15	0.97850
305.65	0.98282
306.15	0.97859
306.65	0.97474
307.15	0.97801
307.65	0.98025
308.15	0.99268
308.65	0.97239
309.15	0.98414
309.65	0.96273
310.15	0.97237
310.65	0.98133
311.15	0.97422
311.65	0.99255
312.15	0.96568
312.65	0.98692
313.15	0.99344
313.65	0.95961
314.15	0.94406
314.65	0.95203
315.15	0.95959
315.65	0.93353
316.15	0.93258
316.65	0.93979
317.15	0.94310
317.65	0.95402
318.15	0.91871
318.65	0.90934
319.15	0.91324
319.65	0.90074
320.15	0.91205
320.65	0.89358
321.15	0.88558
321.65	0.89683
322.15	0.87219
322.65	0.85048
323.15	0.85338
323.65	0.90271
324.15	0.85407
324.65	0.84176
325.15	0.83849
325.65	0.84002
326.15	0.81913
326.65	0.80728
327.15	0.80420
327.65	0.80994
328.15	0.79717
328.65	0.77720
329.15	0.77261
329.65	0.76285
330.15	0.73404
330.65	0.72830
331.15	0.70612
331.65	0.72114
332.15	0.68987
332.65	0.67760
333.15	0.66276
333.65	0.64731
334.15	0.62246
334.65	0.61595
335.15	0.58610
335.65	0.58360
336.15	0.55598
336.65	0.52144
337.15	0.51399
337.65	0.50636
338.15	0.48841
338.65	0.45651
339.15	0.44088
339.65	0.39823
340.15	0.40865
340.65	0.38500
341.15	0.36441
341.65	0.32452
342.15	0.31314
342.65	0.29224
343.15	0.26982
343.65	0.23297
344.15	0.23331
344.65	0.21518
345.15	0.21378
345.65	0.16726
346.15	0.18523
346.65	0.12977
347.15	0.15327
347.65	0.12371
348.15	0.10235
348.65	0.10824
349.15	0.10038
349.65	0.07546
350.15	0.06980
350.65	0.08309
351.15	0.06744
351.65	0.05247
352.15	0.06698
352.65	0.06718
353.15	0.05977
353.65	0.04237
354.15	0.01939
354.65	0.05246
355.15	0.02412
355.65	0.02816
356.15	0.04230
356.65	0.03515
357.15	0.01601
357.65	0.02342
358.15	0.04819
358.65	0.02515
359.15	0.03892
359.65	0.01849
360.15	0.02217
360.65	0.01186
361.15	0.02508
361.65	0.01923
362.15	-0.00132
362.65	0.01820
363.15	0.02476
363.65	-0.00570
364.15	-0.00203
364.65	0.00688
365.15	0.02271
365.65	-0.00461
366.15	0.02195
366.65	0.00007
367.15	0.01428
367.65	0.01741
368.15	0.00671
368.65	0.01023
369.15	-0.00940
369.65	0.01981
370.15	0.02301
370.65	0.01167
371.15	0.01601
371.65	-0.01234
372.15	-0.00983
372.65	0.00053
373.15	0.00801
