# Synthetic cooling curve (TempCooperative + noise)
T_K	aggregated
283.15	0.95492
283.65	0.96665
284.15	0.96264
284.65	0.98071
285.15	0.98841
285.65	0.96538
286.15	0.97354
286.65	0.97147
287.15	0.96051
287.65	0.95912
288.15	0.95797
288.65	0.96420
289.15	0.94630
289.65	0.95071
290.15	0.95752
290.65	0.96328
291.15	0.97511
291.65	0.95139
292.15	0.96324
292.65	0.93573
293.15	0.96081
293.65	0.96602
294.15	0.95170
294.65	0.94924
295.15	0.93693
295.65	0.95009
296.15	0.97238
296.65	0.95343
297.15	0.96038
297.65	0.94828
298.15	0.93727
298.65	0.94158
299.15	0.93779
299.65	0.93594
300.15	0.93595
300.65	0.94272
301.15	0.95793
301.65	0.94487
302.15	0.93270
302.65	0.92121
303.15	0.95242
303.65	0.91786
304.15	0.92308
304.65	0.92079
305.15	0.92321
305.65	0.90620
306.15	0.94100
306.65	0.91046
307.15	0.92282
307.65	0.90961
308.15	0.89217
308.65	0.91510
309.15	0.89309
309.65	0.88682
310.15	0.89772
310.65	0.86853
311.15	0.84734
311.65	0.86116
312.15	0.85591
312.65	0.88209
313.15	0.85348
313.65	0.87382
314.15	0.81554
314.65	0.82430
315.15	0.83206
315.65	0.82423
316.15	0.80086
316.65	0.81848
317.15	0.80142
317.65	0.78125
318.15	0.77564
318.65	0.77791
319.15	0.78087
319.65	0.75239
320.15	0.73582
320.65	0.71728
321.15	0.72639
321.65	0.70116
322.15	0.68617
322.65	0.67126
323.15	0.66208
323.65	0.64372
324.15	0.63354
324.65	0.63447
325.15	0.57914
325.65	0.58180
326.15	0.56307
326.65	0.52635
327.15	0.51959
327.65	0.49823
328.15	0.48652
328.65	0.45688
329.15	0.45181
329.65	0.42858
330.15	0.42555
330.65	0.36682
331.15	0.34299
331.65	0.33386
332.15	0.29865
332.65	0.31080
333.15	0.25867
333.65	0.24129
334.15	0.22555
334.65	0.21719
335.15	0.18621
335.65	0.17177
336.15	0.15916
336.65	0.16251
337.15	0.09862
337.65	0.12014
338.15	0.08576
338.65	0.07583
339.15	0.07015
339.65	0.08198
340.15	0.05716
340.65	0.08185
341.15	0.06901
341.65	0.04936
342.15	0.04548
342.65	0.05740
343.15	0.05265
343.65	0.04093
344.15	0.01917
344.65	0.03945
345.15	0.02139
345.65	0.03264
346.15	0.02861
346.65	0.02370
347.15	0.00509
347.65	0.02243
348.15	0.02014
348.65	0.01758
349.15	0.00251
349.65	0.03220
350.15	0.00877
350.65	0.02684
351.15	0.01856
351.65	0.00589
352.15	0.01501
352.65	0.01312
353.15	0.01938
353.65	0.00034
354.15	-0.00696
354.65	0.00642
355.15	0.00905
355.65	0.01498
356.15	0.00625
356.65	0.00094
357.15	0.00250
357.65	0.00530
358.15	0.00053
358.65	0.01314
359.15	0.04091
359.65	0.01375
360.15	0.00670
360.65	0.01095
361.15	-0.00008
361.65	0.01969
362.15	-0.02284
362.65	0.01131
363.15	0.00223
363.65	0.01568
364.15	0.00838
364.65	0.00482
365.15	-0.00973
365.65	-0.01377
366.15	-0.00680
366.65	0.01553
367.15	0.01105
367.65	0.00803
368.15	0.00160
368.65	-0.01776
369.15	-0.00357
369.65	-0.01838
370.15	0.01202
370.65	-0.01090
371.15	-0.00240
371.65	0.00511
372.15	0.00256
372.65	-0.01052
373.15	-0.00206
