# Synthetic cooling curve (TempCooperative + noise)
T_K	aggregated
283.15	1.02094
283.65	1.02588
284.15	1.02822
284.65	1.02954
285.15	1.01422
285.65	1.02619
286.15	0.98418
286.65	1.02570
287.15	1.00714
287.65	1.01450
288.15	1.00179
288.65	1.01853
289.15	1.01079
289.65	1.01963
290.15	1.00804
290.65	1.02916
291.15	0.99210
291.65	1.00466
292.15	0.97839
292.65	0.98256
293.15	0.98060
293.65	1.00312
294.15	0.98451
294.65	0.99819
295.15	1.00105
295.65	1.00627
296.15	0.96997
296.65	0.99370
297.15	0.96933
297.65	0.99149
298.15	0.96417
298.65	0.97064
299.15	0.96921
299.65	0.96580
300.15	0.99146
300.65	0.97838
301.15	0.96612
301.65	0.94289
302.15	0.96187
302.65	0.93840
303.15	0.97030
303.65	0.92504
304.15	0.96257
304.65	0.93317
305.15	0.93171
305.65	0.89197
306.15	0.90027
306.65	0.92540
307.15	0.89473
307.65	0.89017
308.15	0.87872
308.65	0.89329
309.15	0.85836
309.65	0.85617
310.15	0.85661
310.65	0.85137
311.15	0.86022
311.65	0.81768
312.15	0.80153
312.65	0.80117
313.15	0.77444
313.65	0.78260
314.15	0.75163
314.65	0.75319
315.15	0.73201
315.65	0.72598
316.15	0.73036
316.65	0.69908
317.15	0.68016
317.65	0.65173
318.15	0.64664
318.65	0.60977
319.15	0.60009
319.65	0.57282
320.15	0.55546
320.65	0.55660
321.15	0.51566
321.65	0.49848
322.15	0.44991
322.65	0.45696
323.15	0.40990
323.65	0.39274
324.15	0.36323
324.65	0.35706
325.15	0.32661
325.65	0.30021
326.15	0.29415
326.65	0.26895
327.15	0.22780
327.65	0.19457
328.15	0.19898
328.65	0.14260
329.15	0.15325
329.65	0.12531
330.15	0.12984
330.65	0.09875
331.15	0.10194
331.65	0.07832
332.15	0.09378
332.65	0.08399
333.15	0.06622
333.65	0.02344
334.15	0.05178
334.65	0.05193
335.15	0.04261
335.65	0.02980
336.15	0.04931
336.65	0.05709
337.15	0.03247
337.65	0.02967
338.15	0.03365
338.65	0.03282
339.15	0.03605
339.65	0.03282
340.15	0.02543
340.65	-0.00491
341.15	0.02891
341.65	0.01189
342.15	0.03615
342.65	0.01291
343.15	0.00319
343.65	0.01467
344.15	0.01903
344.65	0.00696
345.15	0.01266
345.65	0.02036
346.15	0.01550
346.65	0.00754
347.15	-0.00539
347.65	0.00286
348.15	0.01221
348.65	-0.00203
349.15	0.01439
349.65	-0.02114
350.15	0.01458
350.65	0.00807
351.15	0.02320
351.65	0.01743
352.15	0.02327
352.65	0.01524
353.15	-0.01799
353.65	-0.01266
354.15	-0.00513
354.65	-0.00392
355.15	0.00982
355.65	-0.00862
356.15	0.01995
356.65	0.01066
357.15	-0.00291
357.65	0.02267
358.15	0.02255
358.65	0.00657
359.15	0.00776
359.65	0.00240
360.15	-0.01025
360.65	0.01474
361.15	0.00415
361.65	-0.02266
362.15	-0.00666
362.65	-0.00602
363.15	0.00607
363.65	-0.01459
364.15	0.01384
364.65	0.00735
365.15	-0.00180
365.65	-0.01043
366.15	0.01274
366.65	0.00315
367.15	0.01234
367.65	0.02078
368.15	-0.01491
368.65	0.01398
369.15	0.00249
369.65	-0.00507
370.15	0.01144
370.65	-0.00551
371.15	0.02167
371.65	0.00231
372.15	0.00642
372.65	0.00104
373.15	-0.00228
