# Synthetic cooling curve (TempCooperative + noise)
T_K	aggregated
283.15	0.98347
283.65	0.96821
284.15	0.96808
284.65	0.96811
285.15	0.95161
285.65	0.96618
286.15	0.96283
286.65	0.95198
287.15	0.98160
287.65	0.95544
288.15	0.96055
288.65	0.96355
289.15	0.95353
289.65	0.93910
290.15	0.94828
290.65	0.92506
291.15	0.93855
291.65	0.94313
292.15	0.95028
292.65	0.92629
293.15	0.93734
293.65	0.92707
294.15	0.93011
294.65	0.92650
295.15	0.92504
295.65	0.92390
296.15	0.93714
296.65	0.88582
297.15	0.90310
297.65	0.89913
298.15	0.88412
298.65	0.89931
299.15	0.88982
299.65	0.88562
300.15	0.87764
300.65	0.86170
301.15	0.84905
301.65	0.84662
302.15	0.84753
302.65	0.83574
303.15	0.83532
303.65	0.84489
304.15	0.83459
304.65	0.77070
305.15	0.79316
305.65	0.78002
306.15	0.78723
306.65	0.77863
307.15	0.75506
307.65	0.74790
308.15	0.71722
308.65	0.71671
309.15	0.68213
309.65	0.66333
310.15	0.67678
310.65	0.66586
311.15	0.63489
311.65	0.61633
312.15	0.61169
312.65	0.57298
313.15	0.55591
313.65	0.52931
314.15	0.52235
314.65	0.47378
315.15	0.48461
315.65	0.43020
316.15	0.41224
316.65	0.38290
317.15	0.36447
317.65	0.36023
318.15	0.34616
318.65	0.32201
319.15	0.25941
319.65	0.25681
320.15	0.24196
320.65	0.20142
321.15	0.19368
321.65	0.16367
322.15	0.15830
322.65	0.13157
323.15	0.08808
323.65	0.11394
324.15	0.11547
324.65	0.07840
325.15	0.06952
325.65	0.06991
326.15	0.04616
326.65	0.07808
327.15	0.03400
327.65	0.04902
328.15	0.02513
328.65	0.02921
329.15	0.04306
329.65	0.02997
330.15	0.00994
330.65	0.01683
331.15	0.05124
331.65	0.04322
332.15	0.01064
332.65	0.01348
333.15	-0.00016
333.65	0.01968
334.15	0.02116
334.65	0.03436
335.15	0.01288
335.65	0.02888
336.15	0.02093
336.65	-0.01337
337.15	-0.00728
337.65	0.00064
338.15	0.02214
338.65	0.00408
339.15	0.00572
339.65	0.00002
340.15	0.02011
340.65	0.02736
341.15	0.00155
341.65	0.00797
342.15	0.03349
342.65	0.00158
343.15	-0.00133
343.65	-0.00948
344.15	0.01698
344.65	0.01786
345.15	-0.00740
345.65	0.02259
346.15	-0.01028
346.65	0.00326
347.15	0.01486
347.65	-0.00528
348.15	-0.01801
348.65	0.01958
349.15	-0.00172
349.65	0.02467
350.15	-0.00177
350.65	0.00634
351.15	-0.00091
351.65	-0.00253
352.15	-0.00925
352.65	0.01846
353.15	-0.00165
353.65	0.01408
354.15	0.01041
354.65	-0.01275
355.15	-0.00582
355.65	0.02059
356.15	0.00760
356.65	-0.01259
357.15	-0.00193
357.65	-0.00145
358.15	-0.00519
358.65	0.01011
359.15	0.00617
359.65	0.00461
360.15	0.01075
360.65	-0.01051
361.15	-0.00716
361.65	0.00178
362.15	0.00031
362.65	0.00414
363.15	0.00695
363.65	-0.00754
364.15	-0.02316
364.65	0.00740
365.15	-0.01052
365.65	-0.01989
366.15	0.01961
366.65	0.02134
367.15	-0.01067
367.65	-0.02090
368.15	-0.00040
368.65	0.00055
369.15	0.00040
369.65	-0.00142
370.15	0.01239
370.65	-0.00332
371.15	0.00293
371.65	0.00661
372.15	-0.01988
372.65	0.01036
373.15	-0.00698
