# three spectra sharing a peak width (sigma = 0.5); centers -1, 0, 1.2; areas 3, 4, 5
x	y_T1	y_T2	y_T3
-5	0.20526	0.192988	0.210764
-4.96656	0.211763	0.189008	0.211748
-4.93311	0.188688	0.236358	0.18738
-4.89967	0.230875	0.214825	0.260627
-4.86622	0.206312	0.22014	0.211131
-4.83278	0.163599	0.184753	0.253308
-4.79933	0.172077	0.257726	0.228774
-4.76589	0.224164	0.251288	0.180132
-4.73244	0.213915	0.216978	0.188534
-4.699	0.143028	0.220529	0.213083
-4.66555	0.240431	0.139182	0.201835
-4.63211	0.217941	0.219131	0.201484
-4.59866	0.2403	0.194177	0.191414
-4.56522	0.188489	0.213017	0.145746
-4.53177	0.191129	0.220474	0.193237
-4.49833	0.166206	0.189761	0.133456
-4.46488	0.276108	0.149286	0.211155
-4.43144	0.194736	0.211036	0.178218
-4.39799	0.247626	0.177758	0.178537
-4.36455	0.180581	0.190094	0.193421
-4.3311	0.204915	0.181865	0.20818
-4.29766	0.149859	0.189753	0.15704
-4.26421	0.188514	0.130714	0.147542
-4.23077	0.229513	0.236508	0.168018
-4.19732	0.162448	0.2076	0.138748
-4.16388	0.232167	0.233342	0.170995
-4.13043	0.210117	0.259395	0.247726
-4.09699	0.168681	0.200678	0.168302
-4.06355	0.184952	0.145927	0.219542
-4.0301	0.186228	0.173183	0.158851
-3.99666	0.198514	0.163793	0.208974
-3.96321	0.183916	0.184944	0.190408
-3.92977	0.175181	0.202389	0.198206
-3.89632	0.190862	0.139934	0.217063
-3.86288	0.169193	0.210274	0.252687
-3.82943	0.161314	0.154689	0.205841
-3.79599	0.198555	0.208921	0.203731
-3.76254	0.226487	0.196715	0.170799
-3.7291	0.15412	0.190591	0.2175
-3.69565	0.200106	0.197809	0.192618
-3.66221	0.180503	0.183807	0.22496
-3.62876	0.170688	0.181626	0.198689
-3.59532	0.225607	0.149517	0.252226
-3.56187	0.18446	0.199111	0.140513
-3.52843	0.244956	0.255366	0.191102
-3.49498	0.176614	0.259415	0.226444
-3.46154	0.211608	0.239655	0.189479
-3.42809	0.1932	0.221174	0.176235
-3.39465	0.177404	0.179706	0.192024
-3.3612	0.217665	0.243283	0.158602
-3.32776	0.195398	0.198316	0.203569
-3.29431	0.21816	0.197934	0.273214
-3.26087	0.198668	0.191263	0.234351
-3.22742	0.167543	0.202759	0.16673
-3.19398	0.197096	0.186944	0.1738
-3.16054	0.20177	0.197487	0.187858
-3.12709	0.229035	0.167462	0.230132
-3.09365	0.173185	0.18879	0.175355
-3.0602	0.199313	0.268417	0.179293
-3.02676	0.148991	0.197912	0.226542
-2.99331	0.220392	0.19284	0.22594
-2.95987	0.168659	0.215971	0.188786
-2.92642	0.14724	0.221244	0.166467
-2.89298	0.200071	0.166587	0.153508
-2.85953	0.235545	0.193785	0.17903
-2.82609	0.157305	0.227549	0.133084
-2.79264	0.17123	0.208096	0.222495
-2.7592	0.182611	0.203659	0.181099
-2.72575	0.172313	0.246622	0.214439
-2.69231	0.219172	0.179668	0.25605
-2.65886	0.185526	0.202485	0.23519
-2.62542	0.190496	0.184402	0.165466
-2.59197	0.232556	0.244714	0.226077
-2.55853	0.195923	0.141451	0.234736
-2.52508	0.23583	0.179905	0.177609
-2.49164	0.198814	0.184138	0.171401
-2.45819	0.197689	0.219924	0.196709
-2.42475	0.186232	0.218213	0.151957
-2.3913	0.305691	0.24189	0.244122
-2.35786	0.250312	0.152826	0.127839
-2.32441	0.279013	0.222579	0.166796
-2.29097	0.284471	0.19129	0.191913
-2.25753	0.306074	0.180151	0.193187
-2.22408	0.321052	0.216348	0.204984
-2.19064	0.397767	0.172612	0.208143
-2.15719	0.333248	0.137982	0.193592
-2.12375	0.344791	0.189279	0.234107
-2.0903	0.391727	0.155578	0.135819
-2.05686	0.416345	0.181208	0.199995
-2.02341	0.517073	0.212033	0.178562
-1.98997	0.561755	0.21052	0.203975
-1.95652	0.555186	0.249117	0.206623
-1.92308	0.593761	0.195968	0.172645
-1.88963	0.680966	0.156527	0.180772
-1.85619	0.794239	0.180563	0.223778
-1.82274	0.733584	0.17657	0.210472
-1.7893	0.904353	0.168751	0.179593
-1.75585	0.931255	0.219762	0.261197
-1.72241	1.0741	0.189099	0.269275
-1.68896	1.094	0.151302	0.156126
-1.65552	1.20494	0.234195	0.209054
-1.62207	1.25873	0.213201	0.27527
-1.58863	1.36772	0.231212	0.223518
-1.55518	1.5338	0.228478	0.206633
-1.52174	1.61336	0.250039	0.19376
-1.48829	1.67376	0.239165	0.183766
-1.45485	1.75646	0.283383	0.193628
-1.4214	1.82128	0.268869	0.183482
-1.38796	1.95963	0.279483	0.222353
-1.35452	2.06072	0.293652	0.188064
-1.32107	2.14518	0.253601	0.186777
-1.28763	2.22582	0.310911	0.163952
-1.25418	2.26985	0.329541	0.198536
-1.22074	2.36941	0.36827	0.173209
-1.18729	2.43032	0.349603	0.194622
-1.15385	2.5217	0.471659	0.231316
-1.1204	2.58125	0.462347	0.211062
-1.08696	2.55362	0.464119	0.215256
-1.05351	2.557	0.495442	0.210838
-1.02007	2.58978	0.589853	0.201984
-0.986622	2.57457	0.652817	0.196461
-0.953177	2.56091	0.697068	0.191141
-0.919732	2.56125	0.790596	0.223273
-0.886288	2.50125	0.844078	0.168134
-0.852843	2.51038	0.961693	0.241094
-0.819398	2.43937	1.0116	0.202167
-0.785953	2.39157	1.12664	0.179036
-0.752508	2.31218	1.25773	0.187274
-0.719064	2.22231	1.41188	0.182214
-0.685619	2.13589	1.41629	0.208061
-0.652174	2.0721	1.54927	0.182645
-0.618729	1.97331	1.65897	0.239607
-0.585284	1.90398	1.83217	0.183351
-0.551839	1.80166	1.90132	0.140439
-0.518395	1.66434	2.05005	0.188936
-0.48495	1.61015	2.19313	0.153388
-0.451505	1.47116	2.29355	0.215859
-0.41806	1.39744	2.42133	0.252999
-0.384615	1.31352	2.55989	0.245728
-0.351171	1.16908	2.63092	0.192304
-0.317726	1.14623	2.76469	0.216954
-0.284281	1.06379	2.90283	0.302037
-0.250836	0.974315	3.01861	0.268793
-0.217391	0.890458	3.09813	0.271889
-0.183946	0.820666	3.12949	0.318237
-0.150502	0.735961	3.23627	0.37751
-0.117057	0.695316	3.32922	0.363126
-0.083612	0.629744	3.3639	0.352015
-0.0501672	0.596696	3.37315	0.385777
-0.0167224	0.510038	3.36313	0.425069
0.0167224	0.509884	3.40869	0.424145
0.0501672	0.468013	3.35815	0.451727
0.083612	0.424393	3.31215	0.531463
0.117057	0.384167	3.2812	0.553755
0.150502	0.386141	3.29363	0.63892
0.183946	0.295118	3.18931	0.708952
0.217391	0.337345	3.13848	0.848687
0.250836	0.312022	2.99978	0.832714
0.284281	0.296897	2.94336	0.942043
0.317726	0.285774	2.79001	1.03607
0.351171	0.242522	2.68921	1.15736
0.384615	0.243958	2.64875	1.28683
0.41806	0.262008	2.47307	1.35972
0.451505	0.248324	2.30788	1.47639
0.48495	0.235292	2.19147	1.58562
0.518395	0.178367	2.07437	1.74756
0.551839	0.235515	1.97208	1.93798
0.585284	0.250795	1.79396	2.07503
0.618729	0.24297	1.63192	2.19925
0.652174	0.217204	1.55482	2.37776
0.685619	0.161419	1.44698	2.55107
0.719064	0.234766	1.33802	2.72703
0.752508	0.200727	1.26786	2.85506
0.785953	0.128085	1.1373	3.0239
0.819398	0.214507	1.05772	3.13144
0.852843	0.15773	0.91211	3.3004
0.886288	0.16305	0.88935	3.52516
0.919732	0.182458	0.85072	3.54379
0.953177	0.23934	0.741804	3.72165
0.986622	0.189768	0.663114	3.84877
1.02007	0.208813	0.602912	3.92806
1.05351	0.252959	0.600323	3.99758
1.08696	0.248215	0.472643	4.08692
1.1204	0.197197	0.455882	4.13904
1.15385	0.192978	0.436442	4.17
1.18729	0.162341	0.412684	4.1318
1.22074	0.179291	0.348924	4.18157
1.25418	0.212853	0.346541	4.14042
1.28763	0.21194	0.307513	4.1122
1.32107	0.203357	0.300915	4.08098
1.35452	0.229881	0.277393	4.02263
1.38796	0.176856	0.233473	3.94417
1.4214	0.198337	0.255486	3.80197
1.45485	0.221951	0.272612	3.73118
1.48829	0.217534	0.209013	3.61367
1.52174	0.232136	0.223857	3.47747
1.55518	0.211916	0.24525	3.34149
1.58863	0.190722	0.188411	3.14497
1.62207	0.210868	0.222023	2.98844
1.65552	0.169924	0.181483	2.85914
1.68896	0.150817	0.244662	2.63211
1.72241	0.217421	0.277841	2.51762
1.75585	0.198346	0.267368	2.33459
1.7893	0.209253	0.198711	2.18086
1.82274	0.14907	0.226358	1.98456
1.85619	0.189047	0.206876	1.85949
1.88963	0.182004	0.20559	1.74043
1.92308	0.174074	0.24839	1.62875
1.95652	0.13235	0.161935	1.49967
1.98997	0.189954	0.232819	1.34276
2.02341	0.226919	0.199418	1.22234
2.05686	0.21143	0.242931	1.09381
2.0903	0.181972	0.206128	1.02947
2.12375	0.199554	0.180206	0.916571
2.15719	0.222704	0.208604	0.856582
2.19064	0.117187	0.222296	0.81297
2.22408	0.196264	0.201234	0.688791
2.25753	0.216296	0.214761	0.581183
2.29097	0.220464	0.184438	0.543239
2.32441	0.251022	0.136048	0.474489
2.35786	0.234051	0.227048	0.437265
2.3913	0.209377	0.221009	0.472613
2.42475	0.209059	0.20447	0.405417
2.45819	0.223608	0.20207	0.322619
2.49164	0.18382	0.231102	0.361455
2.52508	0.198794	0.186296	0.356881
2.55853	0.227187	0.178811	0.288708
2.59197	0.258723	0.194348	0.262503
2.62542	0.195222	0.235676	0.258443
2.65886	0.198548	0.158389	0.265072
2.69231	0.205954	0.235757	0.265606
2.72575	0.240296	0.180824	0.27339
2.7592	0.199091	0.166978	0.267227
2.79264	0.244081	0.237802	0.26055
2.82609	0.171	0.197094	0.261005
2.85953	0.194419	0.160993	0.236014
2.89298	0.194055	0.189238	0.166996
2.92642	0.223595	0.227932	0.206353
2.95987	0.231358	0.235762	0.21756
2.99331	0.154717	0.187187	0.194927
3.02676	0.172546	0.21219	0.232377
3.0602	0.210106	0.221423	0.193132
3.09365	0.180239	0.180661	0.175291
3.12709	0.154327	0.210651	0.245702
3.16054	0.231154	0.199044	0.22181
3.19398	0.214819	0.183919	0.207982
3.22742	0.214795	0.185236	0.228874
3.26087	0.185737	0.202011	0.232692
3.29431	0.230868	0.200896	0.210849
3.32776	0.192801	0.183035	0.126736
3.3612	0.232893	0.187222	0.180082
3.39465	0.17265	0.2334	0.186564
3.42809	0.174376	0.206415	0.170668
3.46154	0.20614	0.226553	0.206104
3.49498	0.17893	0.236055	0.235872
3.52843	0.220264	0.217665	0.185531
3.56187	0.207803	0.268127	0.166012
3.59532	0.172311	0.175241	0.260882
3.62876	0.202186	0.224252	0.186487
3.66221	0.189462	0.190456	0.163033
3.69565	0.227475	0.255673	0.207146
3.7291	0.181023	0.251013	0.212782
3.76254	0.186825	0.141374	0.178856
3.79599	0.236337	0.170934	0.223719
3.82943	0.267158	0.219929	0.185384
3.86288	0.25997	0.223696	0.172314
3.89632	0.201897	0.222097	0.20536
3.92977	0.206566	0.197874	0.223124
3.96321	0.246004	0.213654	0.180985
3.99666	0.196267	0.219591	0.209919
4.0301	0.17071	0.197664	0.197196
4.06355	0.203506	0.230819	0.284733
4.09699	0.213546	0.132215	0.178743
4.13043	0.175126	0.219014	0.241525
4.16388	0.150613	0.168978	0.19843
4.19732	0.156898	0.22876	0.196197
4.23077	0.219963	0.193139	0.22165
4.26421	0.177249	0.173336	0.22682
4.29766	0.19576	0.211217	0.23801
4.3311	0.206377	0.17266	0.20986
4.36455	0.218574	0.172617	0.181988
4.39799	0.189953	0.152981	0.183871
4.43144	0.214961	0.199199	0.21529
4.46488	0.173298	0.214905	0.217427
4.49833	0.189149	0.230691	0.241942
4.53177	0.169268	0.195748	0.212553
4.56522	0.233953	0.231436	0.231805
4.59866	0.199188	0.200539	0.245503
4.63211	0.177821	0.197201	0.204944
4.66555	0.189429	0.217207	0.155433
4.699	0.193348	0.231752	0.164622
4.73244	0.221016	0.189757	0.156866
4.76589	0.152131	0.192687	0.247748
4.79933	0.168884	0.195175	0.174578
4.83278	0.188657	0.202483	0.236955
4.86622	0.275969	0.172988	0.217572
4.89967	0.22867	0.23084	0.251458
4.93311	0.196656	0.187988	0.230093
4.96656	0.22136	0.213873	0.196929
5	0.261723	0.175236	0.193999
