# simulated SAS: sphere radius 60 A, delta SLD 5e-6/A^2, scale 0.01, background 0.01 1/cm
# q I dI
1.000000e-03 2.267096e+01 6.783956e-01
1.029349e-03 2.273111e+01 6.783665e-01
1.059560e-03 2.225117e+01 6.783357e-01
1.090658e-03 2.258797e+01 6.783030e-01
1.122668e-03 2.370050e+01 6.782685e-01
1.155617e-03 2.145328e+01 6.782318e-01
1.189534e-03 2.278174e+01 6.781930e-01
1.224446e-03 2.199001e+01 6.781518e-01
1.260383e-03 2.273044e+01 6.781083e-01
1.297374e-03 2.317154e+01 6.780621e-01
1.335452e-03 2.256138e+01 6.780131e-01
1.374646e-03 2.312277e+01 6.779613e-01
1.414991e-03 2.151912e+01 6.779064e-01
1.456520e-03 2.334531e+01 6.778482e-01
1.499268e-03 2.218409e+01 6.777865e-01
1.543271e-03 2.301253e+01 6.777212e-01
1.588565e-03 2.271204e+01 6.776520e-01
1.635189e-03 2.083403e+01 6.775787e-01
1.683180e-03 2.207113e+01 6.775010e-01
1.732581e-03 2.273000e+01 6.774187e-01
1.783431e-03 2.363028e+01 6.773315e-01
1.835773e-03 2.276919e+01 6.772392e-01
1.889652e-03 2.274587e+01 6.771413e-01
1.945112e-03 2.161148e+01 6.770376e-01
2.002200e-03 2.353304e+01 6.769278e-01
2.060964e-03 2.378343e+01 6.768115e-01
2.121452e-03 2.257561e+01 6.766882e-01
2.183715e-03 2.240324e+01 6.765576e-01
2.247806e-03 2.145215e+01 6.764192e-01
2.313778e-03 2.313979e+01 6.762727e-01
2.381686e-03 2.436431e+01 6.761174e-01
2.451587e-03 2.301650e+01 6.759529e-01
2.523539e-03 2.337994e+01 6.757787e-01
2.597604e-03 2.288604e+01 6.755942e-01
2.673842e-03 2.184801e+01 6.753986e-01
2.752317e-03 2.340889e+01 6.751915e-01
2.833096e-03 2.166577e+01 6.749722e-01
2.916246e-03 2.234918e+01 6.747398e-01
3.001836e-03 2.267120e+01 6.744936e-01
3.089938e-03 2.306972e+01 6.742329e-01
3.180626e-03 2.274558e+01 6.739567e-01
3.273975e-03 2.271607e+01 6.736643e-01
3.370064e-03 2.193240e+01 6.733544e-01
3.468974e-03 2.156643e+01 6.730263e-01
3.570786e-03 2.246398e+01 6.726788e-01
3.675586e-03 2.193289e+01 6.723108e-01
3.783463e-03 2.151864e+01 6.719210e-01
3.894505e-03 2.153351e+01 6.715082e-01
4.008806e-03 2.204013e+01 6.710711e-01
4.126462e-03 2.111125e+01 6.706082e-01
4.247572e-03 2.143430e+01 6.701180e-01
4.372235e-03 2.122508e+01 6.695990e-01
4.500558e-03 2.242359e+01 6.690494e-01
4.632646e-03 2.255498e+01 6.684676e-01
4.768612e-03 2.360219e+01 6.678515e-01
4.908568e-03 2.124083e+01 6.671993e-01
5.052631e-03 2.176400e+01 6.665088e-01
5.200923e-03 2.280019e+01 6.657779e-01
5.353567e-03 2.202265e+01 6.650042e-01
5.510691e-03 2.192232e+01 6.641852e-01
5.672426e-03 2.324434e+01 6.633184e-01
5.838908e-03 2.185588e+01 6.624011e-01
6.010277e-03 2.128293e+01 6.614303e-01
6.186675e-03 2.114372e+01 6.604030e-01
6.368250e-03 2.219853e+01 6.593160e-01
6.555154e-03 2.213976e+01 6.581659e-01
6.747544e-03 2.099717e+01 6.569493e-01
6.945580e-03 2.120932e+01 6.556622e-01
7.149429e-03 2.215989e+01 6.543009e-01
7.359260e-03 2.213891e+01 6.528611e-01
7.575250e-03 2.129233e+01 6.513385e-01
7.797579e-03 2.206189e+01 6.497286e-01
8.026434e-03 2.197146e+01 6.480265e-01
8.262004e-03 2.038863e+01 6.462272e-01
8.504489e-03 2.127644e+01 6.443254e-01
8.754091e-03 2.167716e+01 6.423155e-01
9.011018e-03 2.097285e+01 6.401918e-01
9.275486e-03 1.990041e+01 6.379482e-01
9.547716e-03 2.100607e+01 6.355783e-01
9.827936e-03 2.157865e+01 6.330755e-01
1.011638e-02 2.201077e+01 6.304328e-01
1.041329e-02 1.954640e+01 6.276430e-01
1.071891e-02 2.245582e+01 6.246986e-01
1.103351e-02 2.001911e+01 6.215917e-01
1.135733e-02 2.120218e+01 6.183142e-01
1.169066e-02 2.125411e+01 6.148577e-01
1.203378e-02 2.097461e+01 6.112133e-01
1.238696e-02 2.033661e+01 6.073720e-01
1.275051e-02 1.941011e+01 6.033245e-01
1.312473e-02 2.034405e+01 5.990611e-01
1.350994e-02 1.939381e+01 5.945719e-01
1.390644e-02 1.817355e+01 5.898467e-01
1.431459e-02 2.115039e+01 5.848751e-01
1.473471e-02 1.973200e+01 5.796465e-01
1.516717e-02 2.018219e+01 5.741501e-01
1.561232e-02 1.842769e+01 5.683749e-01
1.607053e-02 1.956886e+01 5.623100e-01
1.654219e-02 1.941535e+01 5.559441e-01
1.702769e-02 1.916274e+01 5.492662e-01
1.752744e-02 1.806401e+01 5.422654e-01
1.804186e-02 1.718779e+01 5.349307e-01
1.857138e-02 1.748156e+01 5.272516e-01
1.911644e-02 1.616354e+01 5.192177e-01
1.967750e-02 1.615789e+01 5.108193e-01
2.025502e-02 1.678106e+01 5.020471e-01
2.084949e-02 1.594110e+01 4.928925e-01
2.146141e-02 1.603211e+01 4.833479e-01
2.209129e-02 1.572862e+01 4.734066e-01
2.273966e-02 1.632949e+01 4.630632e-01
2.340705e-02 1.566406e+01 4.523136e-01
2.409404e-02 1.468539e+01 4.411555e-01
2.480118e-02 1.483893e+01 4.295881e-01
2.552908e-02 1.359481e+01 4.176129e-01
2.627834e-02 1.337128e+01 4.052340e-01
2.704960e-02 1.343914e+01 3.924575e-01
2.784349e-02 1.217215e+01 3.792930e-01
2.866068e-02 1.208972e+01 3.657528e-01
2.950185e-02 1.126368e+01 3.518528e-01
3.036771e-02 1.129342e+01 3.376128e-01
3.125899e-02 1.129594e+01 3.230563e-01
3.217642e-02 1.004191e+01 3.082114e-01
3.312078e-02 9.836557e+00 2.931105e-01
3.409285e-02 9.010423e+00 2.777907e-01
3.509346e-02 8.441618e+00 2.622941e-01
3.612343e-02 7.917417e+00 2.466679e-01
3.718363e-02 8.034793e+00 2.309639e-01
3.827494e-02 7.683140e+00 2.152395e-01
3.939829e-02 6.748280e+00 1.995566e-01
4.055461e-02 6.000938e+00 1.839817e-01
4.174486e-02 5.738360e+00 1.685858e-01
4.297005e-02 5.063477e+00 1.534433e-01
4.423119e-02 4.732163e+00 1.386319e-01
4.552935e-02 4.177194e+00 1.242313e-01
4.686561e-02 3.708271e+00 1.103224e-01
4.824109e-02 3.291758e+00 9.698582e-02
4.965693e-02 2.761174e+00 8.430077e-02
5.111433e-02 2.382186e+00 7.234318e-02
5.261451e-02 1.934155e+00 6.118405e-02
5.415871e-02 1.673763e+00 5.088747e-02
5.574824e-02 1.324583e+00 4.150867e-02
5.738442e-02 1.098275e+00 3.309188e-02
5.906861e-02 8.310320e-01 2.566838e-02
6.080224e-02 6.437693e-01 1.925460e-02
6.258675e-02 4.679576e-01 1.385040e-02
6.442364e-02 3.011893e-01 9.437763e-03
6.631443e-02 1.944674e-01 5.979923e-03
6.826072e-02 1.108090e-01 3.421085e-03
7.026413e-02 5.748792e-02 1.686861e-03
7.232634e-02 2.402088e-02 6.855333e-04
7.444907e-02 1.060532e-02 3.102344e-04
7.663411e-02 1.458115e-02 4.420685e-04
7.888327e-02 3.320362e-02 9.541724e-04
8.119845e-02 5.462162e-02 1.716623e-03
8.358158e-02 9.063538e-02 2.602021e-03
8.603464e-02 1.140915e-01 3.491480e-03
8.855971e-02 1.307877e-01 4.280679e-03
9.115888e-02 1.758006e-01 4.885503e-03
9.383434e-02 1.831730e-01 5.246802e-03
9.658832e-02 1.722864e-01 5.333704e-03
9.942313e-02 1.723693e-01 5.144993e-03
1.023411e-01 1.559283e-01 4.708146e-03
1.053448e-01 1.362759e-01 4.075779e-03
1.084366e-01 1.057275e-01 3.319541e-03
1.116191e-01 8.234028e-02 2.521765e-03
1.148951e-01 5.967919e-02 1.765589e-03
1.182672e-01 3.773604e-02 1.124568e-03
1.217383e-01 2.255333e-02 6.531032e-04
1.253112e-01 1.266742e-02 3.791157e-04
1.289890e-01 1.071663e-02 3.003323e-04
1.327748e-01 1.256325e-02 3.851678e-04
1.366716e-01 1.943521e-02 5.785550e-04
1.406829e-01 2.551666e-02 8.121925e-04
1.448118e-01 3.264783e-02 1.017694e-03
1.490620e-01 3.952283e-02 1.140240e-03
1.534368e-01 3.724256e-02 1.149798e-03
1.579401e-01 3.545813e-02 1.047074e-03
1.625756e-01 2.868673e-02 8.621996e-04
1.673471e-01 2.085200e-02 6.457970e-04
1.722586e-01 1.498121e-02 4.541815e-04
1.773143e-01 1.091252e-02 3.325053e-04
1.825183e-01 9.884294e-03 3.009287e-04
1.878752e-01 1.188533e-02 3.486769e-04
1.933892e-01 1.491195e-02 4.387717e-04
1.990650e-01 1.711826e-02 5.226006e-04
2.049075e-01 1.813928e-02 5.594016e-04
2.109214e-01 1.791399e-02 5.329060e-04
2.171118e-01 1.520472e-02 4.575144e-04
2.234839e-01 1.272240e-02 3.702503e-04
2.300430e-01 1.120579e-02 3.113703e-04
2.367946e-01 1.035423e-02 3.029656e-04
2.437444e-01 1.123283e-02 3.373364e-04
2.508982e-01 1.269150e-02 3.827205e-04
2.582619e-01 1.312250e-02 4.040596e-04
2.658417e-01 1.252228e-02 3.861724e-04
2.736440e-01 1.110043e-02 3.433485e-04
2.816753e-01 1.012497e-02 3.073950e-04
2.899423e-01 9.938739e-03 3.020325e-04
2.984519e-01 1.103409e-02 3.237980e-04
3.072113e-01 1.140785e-02 3.463815e-04
3.162278e-01 1.145818e-02 3.457936e-04
